  5  16  17  27  35  44 
  8   9  18  26  27  35 
  5   7  12  28  33  45 
  1  15  25  31  40  44 
 10  12  24  36  41  42 
  7  14  22  23  35  37 
  8  11  21  23  30  42 
  4  13  15  30  36  42 
  2  10  13  23  24  32 
  8   9  18  26  32  43 
  4  17  30  37  38  43 
 10  19  24  33  44  45 
  9  12  24  25  38  39 
  1   4   8  27  29  37 
 10  11  12  27  37  44 
  2   7  13  27  28  34 
  6   8  15  29  34  44 
  8  17  24  32  36  43 
  3  17  22  36  44  45 
  9  17  21  28  39  40 
  3   5  10  33  34  43 
  3  13  19  21  39  43 
  8   9  17  22  26  33 
  4   7  12  21  34  43 
  2  11  24  31  36  41 
  1  13  22  31  43  45 
  9  18  22  28  34  35 
  5   7  10  21  39  44 
  9  12  15  24  38  42 
  1   9  20  22  26  38 
  6  10  20  29  32  42 
  8  14  24  33  36  41 
  7  15  30  32  41  43 
 10  16  26  27  32  37 
  3   9  17  28  41  44 
